# This file may be used to create an environment using:
# $ conda create --name <env> --file <this file>
# platform: win-64
annotated-types=0.6.0=pyhd8ed1ab_0
anyio=3.7.1=pyhd8ed1ab_0
blas=1.0=mkl
bzip2=1.0.8=hcfcfb64_5
ca-certificates=2023.7.22=h56e8100_0
cffi=1.16.0=py39ha55989b_0
exceptiongroup=1.1.3=pyhd8ed1ab_0
fastapi=0.104.1=pyhd8ed1ab_0
filelock=3.13.1=pyhd8ed1ab_0
idna=3.4=pyhd8ed1ab_0
intel-openmp=2023.2.0=h57928b3_50497
jinja2=3.1.2=pyhd8ed1ab_1
libblas=3.9.0=19_win64_mkl
libcblas=3.9.0=19_win64_mkl
libffi=3.4.2=h8ffe710_5
libhwloc=2.9.3=default_haede6df_1009
libiconv=1.17=h8ffe710_0
liblapack=3.9.0=19_win64_mkl
libsqlite=3.44.0=hcfcfb64_0
libuv=1.44.2=hcfcfb64_1
libxml2=2.11.5=hc3477c8_1
libzlib=1.2.13=hcfcfb64_5
markupsafe=2.1.3=py39ha55989b_1
mkl=2023.2.0=h6a75c08_50496
mkl-service=2.4.0=py39h2bbff1b_1
mpmath=1.3.0=pyhd8ed1ab_0
networkx=3.2.1=pyhd8ed1ab_0
ninja=1.11.1=h91493d7_0
numpy=1.26.0=py39hddb5d58_0
openssl=3.1.4=hcfcfb64_0
pip=23.3.1=pyhd8ed1ab_0
pthreads-win32=2.9.1=hfa6e2cd_3
pycparser=2.21=pyhd8ed1ab_0
pydantic=2.0.3=pyhd8ed1ab_1
pydantic-core=2.3.0=py39hf21820d_0
python=3.9.18=h4de0772_0_cpython
python_abi=3.9=4_cp39
pytorch=2.0.1=cpu_py39hb0bdfb8_0
setuptools=68.2.2=pyhd8ed1ab_0
sniffio=1.3.0=pyhd8ed1ab_0
starlette=0.27.0=pyhd8ed1ab_0
sympy=1.12=pyh04b8f61_3
tbb=2021.10.0=h91493d7_2
tk=8.6.13=h5226925_1
typing-extensions=4.8.0=hd8ed1ab_0
typing_extensions=4.8.0=pyha770c72_0
tzdata=2023c=h71feb2d_0
ucrt=10.0.22621.0=h57928b3_0
vc=14.3=h64f974e_17
vc14_runtime=14.36.32532=hdcecf7f_17
vs2015_runtime=14.36.32532=h05e6639_17
wheel=0.41.3=pyhd8ed1ab_0
xz=5.2.6=h8d14728_0
